623413
188401
205359
252483
80522
452220
208135
322007
286205
324161
910321
613757
56326
958380
635920
768391
571242
205479
900356
232745
785649
923216
655352
213512
78938
238513
135808
165640
872941
106805
338920
329282
503472
978932
999156
181963
127506
429106
224454
888904
822418
147610
614201
41291
553967
984900
369937
625417
248539
782205
51223
70795
264513
307806
503678
162874
391914
56229
285714
579435
361864
451129
889328
761858
247667
367591
319155
915776
720497
825697
302556
11668
388423
337431
121242
967585
897614
706296
589372
800594
411889
56052
859340
651486
698457
856570
10556
889071
28157
585196
382555
156973
553439
730560
821468
35233
109061
592210
944422
102688
773465
434985
73624
979486
676406
781267
618538
636125
88915
832381
662918
955875
279422
585021
632790
24923
379309
379286
297615
174115
775730
74021
100234
960502
763334
458872
79203
104990
787763
177394
63232
957488
834627
224644
298679
161029
607907
674629
622157
524708
492115
49685
175588
166703
991030
234151
809639
855314
312362
369994
43108
562231
358988
980905
117414
191214
755448
133388
778966
166584
946258
347744
389367
703766
135664
160814
887050
258326
999561
150594
421475
143979
841959
396526
299773
878647
862997
182100
249619
265717
213238
318574
324703
641108
801735
211561
730350
10066
553543
269888
764011
64434
199799
704010
786965
137698
749134
463071
427328
722347
41188
671586
329613
57360
405401
302612
683133
978222
414872
411548
808554
76802
107276
347350
119950
328694
702107
12420
234899
781685
43465
12004
151462
225601
150967
81113
259759
18523
946543
210201
350943
244766
292480
875984
731036
959761
912588
658726
334877
319480
947316
791872
977495
6220
252294
673082
404110
173183
854246
359045
395901
531979
927769
137755
292257
2960
184328
257117
83707
609166
718854
502337
709024
215742
76352
288482
629613
258694
490340
303564
358602
228901
557916
348823
58972
181422
764900
321595
459108
67360
742327
124193
357154
227004
142318
908239
44605
953497
349633
131331
873730
593891
862129
804683
970793
766076
104585
52652
511548
22486
376126
669434
164327
227441
392959
344324
142848
835922
501764
959575
750096
246987
339745
178557
57248
681470
317282
557553
583185
807149
15592
95010
560972
528015
229433
604280
374847
823782
599476
484891
475347
529134
524725
678788
56466
942312
211587
831493
196481
680920
101025
498483
891851
813028
476797
450551
580905
833845
696985
752549
737243
683450
234138
886979
155474
567141
545526
678824
567142
484677
468887
257694
332491
950344
119371
15777
430904
236854
48929
317043
27436
814060
369773
583892
515525
54398
257627
634377
611026
865064
971879
854620
487497
738486
386725
295566
566357
334867
503325
510113
490881
892627
230202
466749
891009
465130
35380
268116
17487
618177
95886
716267
581864
179300
498817
239247
812885
621482
301610
4296
848673
191605
308660
871640
823732
325458
95900
443591
474751
110781
664422
886209
529156
252252
343667
45051
722744
453538
120462
825877
670745
196186
121789
360218
818047
574504
681750
482464
269044
670483
935375
144151
136184
275170
29101
56471
187921
617599
281676
932272
536904
284647
918163
195980
256457
307741
350269
103871
893123
534932
722023
565363
958993
174042
79973
652246
668936
9608
750720
491599
182688
813285
279145
44338
981797
917710
593327
464437
698199
743325
440337
761688
956951
952438
129957
311503
219636
69627
910976
674536
860213
546039
937075
545926
692798
697247
234067
254386
885740
648897
967794
237743
671483
177492
714600
686515
682789
646753
237640
764274
207364
716745
916007
3234
408202
617988
878902
215251
719209
337431
433068
386833
484768
555548
861632
800428
41586
175597
724596
593519
143468
778270
455177
548491
199713
149173
512803
823448
637201
130785
989831
550256
648160
115898
330957
55269
869622
713045
262635
191238
414071
108526
476036
460370
226316
407270
383016
113652
285759
248997
137482
803788
763714
814862
901378
146708
177073
190945
343204
630605
859316
940646
707880
318589
918233
596970
815140
283049
124777
98350
167651
92743
711578
723782
14561
485796
419914
375163
123700
34659
155365
661866
11139
245519
15589
911788
996296
30227
280333
318087
185558
203589
1076
737859
843863
227673
811456
534770
594066
969900
806401
709000
168687
855484
616164
458275
467821
692454
676189
650092
430328
144927
923574
214178
684084
399167
176510
180340
812695
680938
309729
510471
632327
756936
696434
63134
82695
862262
892687
563929
303508
311192
534624
897441
357971
622491
475808
898617
645029
990719
795409
162690
942810
369234
163314
698865
610512
312111
761365
959052
120173
537264
5053
76911
269212
962544
298849
80646
166623
86418
647624
871973
165464
965692
452267
685544
371182
421672
640591
583244
586658
170863
478641
81947
123694
46135
405953
51328
313866
850836
566969
456715
923580
854862
566310
128406
840401
289650
106338
355363
337671
87487
827890
536335
368054
425967
804572
490008
35669
98651
269540
747913
409934
73633
181985
596023
836998
9473
967235
95755
19036
627152
488908
22742
776926
708452
436781
810665
285445
392979
640429
844066
481856
477013
994896
979958
701215
152098
212691
687843
340497
475556
263011
314287
228672
478800
197207
621529
248098
803675
861757
125499
538479
269984
297430
10437
402442
775650
853377
5605
864091
659162
476176
338214
34448
653535
682095
720174
4711
156983
482430
523404
97405
161422
16338
645365
991104
765988
991072
755598
453831
60701
927574
304852
668286
339967
326018
570880
470649
724705
609553
650775
316724
905118
395847
697558
491377
30396
946665
185695
586346
531199
21689
697176
919217
785589
884784
761090
656640
245778
603564
787803
575363
588555
546192
29469
545162
210581
704627
835654
482666
496451
982865
42574
937333
429036
316964
761411
707955
192261
974933
966481
230262
90576
638118
746963
14474
13833
799591
17172
59304
206843
362830
477400
223935
174887
196738
289808
933795
454527
906213
799735
324576
4156
547664
305501
405137
594210
537805
353603
268505
536
582585
997147
644752
535738
458749
79830
115494
117296
962152
896340
797788
761271
396126
136031
162283
918940
897714
468362
812908
480974
706553
10269
343990
892471
218087
19347
2744
603141
975104
648759
334161
847304
374199
70140
196277
533613
935279
587612
74138
324116
762318
892603
832117
782722
769940
652280
628237
489371
62458
52790
959570
303468
488286
648913
203130
668578
466899
210862
524159
190257
638096
187847
454718
897359
709860
43910
91921
140200
305721
512857
863739
997048
187122
213374
979416
465041
626828
750528
877927
453353
613590
393272
611104
718823
976611
756464
402385
573510
303360
674704
510806
520481
573054
631369
367554
872071
668613
80498
54620
149381
836723
981918
354647
139789
992888
178236
314855
900164
738416
933968
614517
539961
967
48639
591578
763468
524641
282048
825388
304715
673881
842678
679301
187742
758238
60981
329809
440061
541468
1625
742435
593487
488632
48031
129111
662739
395269
876361
174370
607766
197644
168558
124118
601301
326023
896845
626743
942411
950568
485303
965356
706226
142413
745316
924659
665805
11950
258685
802396
676301
992745
960256
266435
115254
434000
989212
283952
642276
179905
331280
408638
438495
57611
212895
835764
504256
722695
489231
79036
204477
564496
371439
285186
755464
544788
582359
32088
26189
888289
492659
986199
894820
39301
617896
66683
17775
137715
177944
949119
874160
622240
789480
889991
557336
981783
783797
582769
225501
618506
882566
835109
839672
798200
427662
971136
454014
282704
882239
22326
798510
338967
387316
721189
14727
961632
902268
246315
220807
452508
171667
767275
958193
565630
78357
742414
442775
1599
119518
590323
526780
789535
631589
464398
160993
920061
28980
291091
717248
439147
796328
627116
332388
424969
82243
705908
553627
414500
69275
735961
177678
847018
754490
265436
986282
605152
755485
920183
283802
243848
235936
802308
801209
503651
295220
365267
629168
51777
737813
499546
242028
587780
841238
728993
110559
221419
642295
717682
381208
722523
221396
732123
46321
508964
96915
773519
951826
552255
457632
752029
487261
963617
950674
781563
971477
424698
953591
548334
861138
902643
381056
940978
295851
635979
234588
61514
851066
408903
202413
324983
850643
279231
984913
594740
565732
468910
575174
159114
355846
431212
546392
700617
464626
146119
939131
693334
831583
631898
767163
783516
394895
149056
473024
145942
617393
321237
485164
879536
441614
923273
281165
269212
508835
194269
79773
834728
125615
320195
183703
74848
634311
613356
494866
434994
521965
338132
473250
324156
683131
977
209768
638392
25242
